% AR_coffs.m
% 
% stores AR coeffs

%% MSM 2006
%  AR of order 4

% RGS raw data: Prediction horizon of 24
  -0.085522186754388
  -0.006576114457115
  -0.110220643581048
   0.791052360508261
   2.595787479120149
   
sigma = 76.498961265170635      % std(r_RGS)
  
ACF_RGS(2) = -0.001693549596876;
bounds_RGS = -0.004376923020075;


% TA raw data: Prediction horizon of 24
  -0.005798218875725
  -0.073334909041129
  -0.185413392371912
   1.116897869277878
   0.026546339096447

sigma = 0.962565568254634;


% TW raw data: Prediction horizon of 24
    -0.021789228921885
  -0.026285133043742
  -0.177805832504286
   1.127068855353699
   0.339531486192709

sigma = 1.060506242002127


%% MSM 2006
%  AR of order 4

% RGS raw data: Prediction horizon of 60
  -0.092933939337812
   0.012435958044596
  -0.132082680832671
   0.834136286496958
   2.131798066846339
   
sigma = 75.825453019908750      % std(r_RGS)
  
ACF_RGS(2) = -0.001693549596876;
bounds_RGS = -0.004376923020075;


% TA raw data: Prediction horizon of 60
   0.005036885519147
  -0.074657644688327
  -0.203705866295020
   1.143846996362533
   0.030625458333543

sigma = 0.950450181143410;


% TW raw data: Prediction horizon of 60
  -0.016161958287229
  -0.032380350240663
  -0.195734305981573
   1.155754858223748
   0.314040430720039

sigma = 1.018485005241960



